00000000000000001111111111111111
00000000000000001111111111111111
01000000000000001111111111111111
00000000000000001111111111111111
00000000000000001111111111111111
00000000000000001111111111111111
00000000000000001111111111111111
00000100000000001111111111111111
00000000000000001111111111111111
00000000000000001111111111111111
00000000000000001111111111111111
00000000010000001111111111111111
11111111111111111111111111111111
11111111111111111111111111111111
11111111111111111111111111111111
11111111111111111111111111111111
11111111111111111111111111111111
11111111111111111111111111111111
11111111111111111111111111111111
11111111111111111111111111111111
11111111111111111111111111111111
11111111111111111111111111111111
11111111111111111111111111111111
11111111111111111111111111111111
11111111111111111111111111111111
11111111111111111111111111111111
11111111111111111111111111111111
11111111111111111111111111111111
11111111111111111111111111111111
11111111111111111111111111111111
11111111111111111111111111111111
11111111111111111111111111111111

50
01000000
01000000
01000000
01000000
01000000
01000000
01110000
00000000

00000000
01100000
01100000
01100000
01100000
00000000
00000000
00000000

00010000
00010000
01111000
00010000
00000000
00000000
00000000
10000000

11000000
01100000
00110000
00011000
00001100
00000110
00000011

11000000
00000000
00000000
00000000
00000000
00000000
00000000
00000000

11100000
01000000
01000000
01110000
01000000
01000000
11100000
00000000

11110000
10010000
10000000
11100000
10000000
10000000
10000000
00000000

00000000
00000000
00000000
10110000
11100000
10000000
10000000
00000000

00000000
00000000
00000000
11110000
10010000
10010000
10010000
00000000

00000000
00000000
00000000
11110000
10000000
10000000
11110000
00000000

00000000
00000000
00000000
11110000
00010000
00010000
11110000
00000000

00000000
00000000
00000000
10000000
11110000
10010000
10010000
00000000

11110000
00010000
00010000
11110000
00010000
00010000
11110000
00000000

11110000
00010000
00010000
11110000
10000000
10000000
11110000
00000000

11100000
01000000
00000000
00000000
00000000
00000000
00000000
00000000

11000000
10000000
10000000
10000000
00000000
00000000
00000000
00000000

11111111
00000000
00000000
00000000
00000000
00000000
00000000
00000000

00000000
11100000
01000000
11100000
01000000
11100000
01000000
11100000

01000000
11100000
10111000
00101110
00001011
00000010
00000000
00000000

11110000
00010000
00010000
00010000
00010000
00010000
00010000
00011110

11111111
11111110
00000000
00000000
00000000
00000000
00000000
00000000

11111111
00000001
00000001
00000001
00000001
00000001
00000001
00000001

00000000
01111110
00010000
00011100
00000000
00000000
00000000
00000000

00000000
00000000
01101110
00100010
00111110
00000000
00000000
00000000

00000000
00000000
01110000
00111000
00011100
00001110
00000000
00000000

00000000
01111000
00111100
00011110
00000000
00000000
00000000
00000000

00000000
01111100
00111110
00000000
00000000
00000000
00000000
00000000


00000000
01000000
01111000
00001000
00001110
00000000
00000000
00000000

00000000
00000000
00000000
00000000
00000000
11000000
10000000
11000000

00000000
00000000
00000000
00000000
00000000
11000000
10000000
10000000

11100000
00100000
00100000
00111000
00000000
00000000
00000000
00000000

11111000
10001000
10001000
11001110
00000000
00000000
00000000
00000000

00000000
11000000
11100000
00100000
01100000
01110000
00100000
00100000

00000000
00000000
00110000
01110000
01000000
01100000
01000000
00000000

00000000
00000000
00000000
00000000
00100000
00110000
00100000
11111000

00000000
00000000
00000000
01000000
01111000
01111000
00011000
00001000

00000000
00000000
00000000
00000000
11100000
11000000
10000000
11000000

00000000
00000000
00000000
00000000
00000000
00000000
00000000
00000000

00000000
00100000
01110000
01110000
00100000
01110000
01110000
00100000

00000000
00000000
00000000
00000000
00001100
00011100
00111100
00011100

00000000
00000000
00010000
00010000
01111100
00010000
00010000
00000000

00111110
01110000
00011000
00000000
00000000
00000000
00000000
00000000

00000000
01111111
00001111
00000001
00000000
00000000
00000000
00000000

00111110
00001000
00000000
00000000
00000000
00000000
00000000
00000000

01010001
11111111
00000000
00000000
00000000
00000000
00000000
00000000

00000000
00000000
11100000
11100000
00100000
00100000
00000000
00000000

00000000
00000000
00000000
00000000
00000000
01111110
00000010
01111110

00000000
00000000
00000000
00000000
11100000
10000000
11000000
10000000

00000000
00000000
00000000
00000000
10000000
10000000
10000000
10000000

00000000
00000000
00000000
00000000
10000000
10000000
11100000
10100000